0.000000000000000e+00,1.238144e-01,5.019393e-06
9.999999717180685e-10,1.238144e-01,5.028462e-06
1.391581471540096e-09,1.238144e-01,5.036129e-06
2.174744471184150e-09,1.238144e-01,5.043758e-06
3.741070470472259e-09,1.238144e-01,5.034022e-06
6.873722469048477e-09,1.238144e-01,5.022844e-06
1.243543681504380e-08,1.238144e-01,5.029089e-06
1.838820955581283e-08,1.238144e-01,5.045492e-06
2.626410744828134e-08,1.238145e-01,5.065504e-06
3.590854088378729e-08,1.238144e-01,5.031688e-06
4.619394095499206e-08,1.238140e-01,4.832549e-06
5.554393535427454e-08,1.238131e-01,4.405446e-06
6.443927947194739e-08,1.238117e-01,3.730437e-06
7.459741215477010e-08,1.238097e-01,2.792086e-06
8.455100966026368e-08,1.238086e-01,2.278547e-06
9.816672664435549e-08,1.238126e-01,4.150265e-06
1.138842311169598e-07,1.238338e-01,1.422805e-05
1.306088319422303e-07,1.238937e-01,4.270371e-05
1.481368613182872e-07,1.240434e-01,1.138963e-04
1.753224458667227e-07,1.245313e-01,3.458674e-04
2.062077135514647e-07,1.255517e-01,8.310562e-04
2.349934546704919e-07,1.271374e-01,1.585142e-03
2.655919082104124e-07,1.297391e-01,2.822452e-03
3.054636437994865e-07,1.347641e-01,5.212283e-03
3.651689633282799e-07,1.453302e-01,1.023762e-02
4.311078416531119e-07,1.604214e-01,1.741534e-02
4.785609311350517e-07,1.734446e-01,2.360960e-02
5.174705129234934e-07,1.854914e-01,2.933949e-02
5.647049654435704e-07,2.012720e-01,3.684533e-02
6.080735337872656e-07,2.167037e-01,4.418533e-02
6.923376914301328e-07,2.484517e-01,5.928608e-02
8.032031703270538e-07,2.921894e-01,8.008978e-02
9.488120135747478e-07,3.514581e-01,1.082808e-01
1.000000000000000e-06,3.726203e-01,1.183466e-01
1.013802406694434e-06,3.783796e-01,1.210860e-01
1.032205615620347e-06,3.860656e-01,1.247419e-01
1.054781921610418e-06,3.955053e-01,1.292318e-01
1.082901648330984e-06,4.072704e-01,1.348279e-01
1.113999355915837e-06,4.202216e-01,1.409881e-01
1.157559616103139e-06,4.379697e-01,1.494301e-01
1.211347688075522e-06,4.587493e-01,1.593140e-01
1.260431050153782e-06,4.759074e-01,1.674757e-01
1.309783819459620e-06,4.906496e-01,1.744881e-01
1.365799825341738e-06,5.042380e-01,1.809518e-01
1.420033073544697e-06,5.143949e-01,1.857833e-01
1.477551187514367e-06,5.223969e-01,1.895897e-01
1.533911804159115e-06,5.281608e-01,1.923315e-01
1.593336773475001e-06,5.326185e-01,1.944520e-01
1.652083731272608e-06,5.358499e-01,1.959892e-01
1.713058773053567e-06,5.382549e-01,1.971331e-01
1.783792474104432e-06,5.402110e-01,1.980636e-01
1.853516755664168e-06,5.415337e-01,1.986928e-01
1.923109156920817e-06,5.424204e-01,1.991145e-01
1.993602135056785e-06,5.430259e-01,1.994026e-01
2.060953395421940e-06,5.434169e-01,1.995886e-01
2.130171589909594e-06,5.436866e-01,1.997169e-01
2.207183598010719e-06,5.438874e-01,1.998122e-01
2.282563256576996e-06,5.440162e-01,1.998736e-01
2.363405473887894e-06,5.441022e-01,1.999145e-01
2.486174307626251e-06,5.441787e-01,1.999508e-01
2.611429076467556e-06,5.442202e-01,1.999705e-01
2.783115533074644e-06,5.442457e-01,1.999827e-01
2.934362605480308e-06,5.442557e-01,1.999874e-01
3.069008990472438e-06,5.442594e-01,1.999890e-01
3.198567082210514e-06,5.442610e-01,1.999897e-01
3.324581378731380e-06,5.442616e-01,1.999901e-01
3.443253929734910e-06,5.442621e-01,1.999902e-01
3.546651658388237e-06,5.442622e-01,1.999903e-01
3.658748782666072e-06,5.442623e-01,1.999903e-01
3.812519090379393e-06,5.442625e-01,1.999903e-01
3.922464353060770e-06,5.442625e-01,1.999903e-01
4.026253466742331e-06,5.442628e-01,1.999903e-01
4.131537865170696e-06,5.442626e-01,1.999903e-01
4.231364525618837e-06,5.442626e-01,1.999903e-01
4.423082276674691e-06,5.442626e-01,1.999903e-01
4.526560432503867e-06,5.442629e-01,1.999903e-01
4.650924101246210e-06,5.442629e-01,1.999903e-01
4.823570760825905e-06,5.442630e-01,1.999903e-01
5.084359636386251e-06,5.442630e-01,1.999903e-01
5.258193347371783e-06,5.442632e-01,1.999903e-01
5.423796166890229e-06,5.442632e-01,1.999903e-01
5.614810559528032e-06,5.442635e-01,1.999903e-01
5.821820987870348e-06,5.442635e-01,1.999903e-01
6.048402999791847e-06,5.442637e-01,1.999903e-01
6.342799397124366e-06,5.442637e-01,1.999903e-01
6.554466377191229e-06,5.442640e-01,1.999903e-01
6.802103339076390e-06,5.442640e-01,1.999903e-01
7.097876128295240e-06,5.442642e-01,1.999903e-01
7.448381301176247e-06,5.442642e-01,1.999903e-01
8.469431412144413e-06,5.442647e-01,1.999903e-01
8.995616909763234e-06,5.442650e-01,1.999903e-01
9.758462893625183e-06,5.442653e-01,1.999903e-01
1.758784976125397e-01,6.307927e-01,1.999903e-01
3.517472367621857e-01,7.162113e-01,1.999902e-01
5.276159759118316e-01,8.005210e-01,1.999902e-01
7.034847150614777e-01,8.837220e-01,1.999901e-01
8.793534542111238e-01,9.658142e-01,1.999901e-01
1.055222193360770e+00,1.046797e+00,1.999900e-01
1.231090932510415e+00,1.126672e+00,1.999899e-01
1.365653637588540e+00,1.187175e+00,1.999899e-01
1.500216342666665e+00,1.247160e+00,1.999899e-01
1.634779047744791e+00,1.306626e+00,1.999898e-01
1.769341752822916e+00,1.365574e+00,1.999898e-01
1.903904457901041e+00,1.424004e+00,1.999897e-01
2.038467162979166e+00,1.481916e+00,1.999897e-01
2.173029868057291e+00,1.539309e+00,1.999897e-01
2.642077011472466e+00,1.735009e+00,1.999895e-01
3.111124154887642e+00,1.926272e+00,1.999894e-01
3.580171298302817e+00,2.113098e+00,1.999893e-01
4.049218441717993e+00,2.295487e+00,1.999891e-01
4.518265585133168e+00,2.473439e+00,1.999890e-01
4.987312728548345e+00,2.646954e+00,1.999889e-01
5.456359871963518e+00,2.816032e+00,1.999888e-01
5.640903010356372e+00,2.881852e+00,1.999887e-01
5.825446148749227e+00,2.947173e+00,1.999887e-01
6.009989287142081e+00,3.011995e+00,1.999887e-01
6.194532425534935e+00,3.076319e+00,1.999886e-01
6.379075563927789e+00,3.140145e+00,1.999886e-01
6.563618702320644e+00,3.203471e+00,1.999885e-01
6.748161840713498e+00,3.266299e+00,1.999885e-01
6.863501302209031e+00,3.305344e+00,1.999885e-01
6.978840763704565e+00,3.344217e+00,1.999884e-01
7.094180225200099e+00,3.382917e+00,1.999884e-01
7.209519686695633e+00,3.421446e+00,1.999884e-01
7.324859148191167e+00,3.459803e+00,1.999884e-01
7.440198609686701e+00,3.497988e+00,1.999883e-01
7.555538071182235e+00,3.536001e+00,1.999883e-01
7.613207801930002e+00,3.554948e+00,1.999883e-01
7.670877532677769e+00,3.573855e+00,1.999883e-01
7.728547263425535e+00,3.592721e+00,1.999883e-01
7.786216994173302e+00,3.611548e+00,1.999883e-01
7.843886724921069e+00,3.630334e+00,1.999882e-01
7.901556455668836e+00,3.649080e+00,1.999882e-01
7.959226186416603e+00,3.667786e+00,1.999882e-01
8.039963809463478e+00,3.693909e+00,1.999882e-01
8.120701432510351e+00,3.719956e+00,1.999882e-01
8.201439055557225e+00,3.745927e+00,1.999882e-01
8.282176678604099e+00,3.771823e+00,1.999882e-01
8.312933868336241e+00,3.781668e+00,1.999881e-01
8.343691058068384e+00,3.791503e+00,1.999881e-01
8.374448247800526e+00,3.801327e+00,1.999881e-01
8.405205437532668e+00,3.811140e+00,1.999881e-01
8.435962627264811e+00,3.820943e+00,1.999881e-01
8.466719816996953e+00,3.830735e+00,1.999881e-01
8.497477006729095e+00,3.840516e+00,1.999881e-01
8.578214629775969e+00,3.866142e+00,1.999881e-01
8.658952252822843e+00,3.891695e+00,1.999881e-01
8.739689875869717e+00,3.917177e+00,1.999881e-01
8.820427498916590e+00,3.942588e+00,1.999880e-01
8.881941878380875e+00,3.961901e+00,1.999880e-01
8.943456257845160e+00,3.981174e+00,1.999880e-01
9.004970637309444e+00,4.000407e+00,1.999880e-01
9.066485016773729e+00,4.019600e+00,1.999880e-01
9.127999396238014e+00,4.038752e+00,1.999880e-01
9.189513775702299e+00,4.057865e+00,1.999880e-01
9.251028155166583e+00,4.076937e+00,1.999879e-01
9.400969455110777e+00,4.123257e+00,1.999879e-01
9.550910755054971e+00,4.169355e+00,1.999879e-01
9.700852054999165e+00,4.215232e+00,1.999879e-01
9.850793354943360e+00,4.260887e+00,1.999878e-01
1.000073465488755e+01,4.306321e+00,1.999878e-01
1.015067595483175e+01,4.351534e+00,1.999878e-01
1.030061725477594e+01,4.396525e+00,1.999877e-01
1.086578061610406e+01,4.563960e+00,1.999876e-01
1.143094397743217e+01,4.728864e+00,1.999875e-01
1.199610733876029e+01,4.891236e+00,1.999874e-01
1.256127070008841e+01,5.051077e+00,1.999873e-01
1.312643406141652e+01,5.208386e+00,1.999872e-01
1.369159742274464e+01,5.363164e+00,1.999871e-01
1.425676078407275e+01,5.515410e+00,1.999870e-01
1.427000000000000e+01,5.518958e+00,1.999870e-01
1.427000010000000e+01,5.511591e+00,1.964835e-01
1.427000030000000e+01,5.482947e+00,1.828602e-01
1.427000037004608e+01,5.464406e+00,1.740419e-01
1.427000042486729e+01,5.442039e+00,1.634039e-01
1.427000048096770e+01,5.413222e+00,1.496977e-01
1.427000053556865e+01,5.380447e+00,1.341089e-01
1.427000059526112e+01,5.340512e+00,1.151139e-01
1.427000066295825e+01,5.291649e+00,9.187265e-02
1.427000077008404e+01,5.210085e+00,5.307705e-02
1.427000089727949e+01,5.109878e+00,5.413826e-03
1.427000100000000e+01,5.027424e+00,-3.380504e-02
1.427000100837537e+01,5.020610e+00,-3.704642e-02
1.427000102512612e+01,5.007042e+00,-4.350034e-02
1.427000105862762e+01,4.979806e+00,-5.645497e-02
1.427000108803897e+01,4.955835e+00,-6.785664e-02
1.427000111965336e+01,4.930174e+00,-8.006196e-02
1.427000115862840e+01,4.899040e+00,-9.487128e-02
1.427000119929011e+01,4.867693e+00,-1.097819e-01
1.427000123849266e+01,4.839460e+00,-1.232112e-01
1.427000128708576e+01,4.808252e+00,-1.380557e-01
1.427000134711250e+01,4.775493e+00,-1.536384e-01
1.427000140164323e+01,4.751537e+00,-1.650334e-01
1.427000145883009e+01,4.732167e+00,-1.742474e-01
1.427000151379732e+01,4.718131e+00,-1.809244e-01
1.427000157311446e+01,4.706948e+00,-1.862442e-01
1.427000163111495e+01,4.698969e+00,-1.900397e-01
1.427000169190151e+01,4.692949e+00,-1.929029e-01
1.427000175145634e+01,4.688723e+00,-1.949131e-01
1.427000181305777e+01,4.685619e+00,-1.963899e-01
1.427000187564458e+01,4.683386e+00,-1.974521e-01
1.427000193872024e+01,4.681803e+00,-1.982051e-01
1.427000200172997e+01,4.680694e+00,-1.987329e-01
1.427000206507205e+01,4.679912e+00,-1.991047e-01
1.427000212852192e+01,4.679363e+00,-1.993657e-01
1.427000219219395e+01,4.678977e+00,-1.995493e-01
1.427000225575523e+01,4.678710e+00,-1.996764e-01
1.427000233122623e+01,4.678494e+00,-1.997788e-01
1.427000241278258e+01,4.678341e+00,-1.998520e-01
1.427000249859822e+01,4.678240e+00,-1.999000e-01
1.427000261314688e+01,4.678161e+00,-1.999375e-01
1.427000273765381e+01,4.678115e+00,-1.999595e-01
1.427000290053733e+01,4.678086e+00,-1.999733e-01
1.427000305413914e+01,4.678073e+00,-1.999792e-01
1.427000319052106e+01,4.678068e+00,-1.999815e-01
1.427000331497410e+01,4.678066e+00,-1.999825e-01
1.427000343106389e+01,4.678065e+00,-1.999830e-01
1.427000353621458e+01,4.678065e+00,-1.999832e-01
1.427000361409394e+01,4.678064e+00,-1.999833e-01
1.427000370652015e+01,4.678064e+00,-1.999834e-01
1.427000386014064e+01,4.678064e+00,-1.999835e-01
1.427000396470795e+01,4.678064e+00,-1.999836e-01
1.427000407949809e+01,4.678064e+00,-1.999836e-01
1.427000419916045e+01,4.678064e+00,-1.999836e-01
1.427000431789242e+01,4.678063e+00,-1.999836e-01
1.427000452251806e+01,4.678063e+00,-1.999836e-01
1.427000460796051e+01,4.678063e+00,-1.999836e-01
1.427000470393151e+01,4.678063e+00,-1.999836e-01
1.427000481977511e+01,4.678063e+00,-1.999836e-01
1.427000500331849e+01,4.678063e+00,-1.999836e-01
1.427000514873113e+01,4.678063e+00,-1.999836e-01
1.427000528635530e+01,4.678063e+00,-1.999836e-01
1.427000543280696e+01,4.678063e+00,-1.999836e-01
1.427000558863437e+01,4.678063e+00,-1.999836e-01
1.427000575832189e+01,4.678063e+00,-1.999836e-01
1.427000592160264e+01,4.678063e+00,-1.999836e-01
1.427000610032900e+01,4.678063e+00,-1.999836e-01
1.427000633171983e+01,4.678063e+00,-1.999836e-01
1.427000648772420e+01,4.678063e+00,-1.999836e-01
1.427000686221395e+01,4.678063e+00,-1.999836e-01
1.427000706174517e+01,4.678063e+00,-1.999836e-01
1.427000733678527e+01,4.678062e+00,-1.999836e-01
1.427000770804196e+01,4.678062e+00,-1.999836e-01
1.427000834320362e+01,4.678062e+00,-1.999836e-01
1.427000870212431e+01,4.678062e+00,-1.999836e-01
1.427000986850608e+01,4.678062e+00,-1.999836e-01
1.427001215011460e+01,4.678061e+00,-1.999836e-01
1.454212720509654e+01,4.601158e+00,-1.999836e-01
1.481424226007848e+01,4.523728e+00,-1.999835e-01
1.508635731506042e+01,4.445771e+00,-1.999834e-01
1.535847237004236e+01,4.367286e+00,-1.999834e-01
1.563058742502430e+01,4.288274e+00,-1.999833e-01
1.590270248000624e+01,4.208735e+00,-1.999833e-01
1.617481753498818e+01,4.128668e+00,-1.999832e-01
1.624786586060203e+01,4.107071e+00,-1.999832e-01
1.632091418621587e+01,4.085432e+00,-1.999832e-01
1.639396251182971e+01,4.063751e+00,-1.999832e-01
1.646701083744355e+01,4.042028e+00,-1.999831e-01
1.654005916305740e+01,4.020263e+00,-1.999831e-01
1.661310748867124e+01,3.998457e+00,-1.999831e-01
1.668615581428508e+01,3.976608e+00,-1.999831e-01
1.676304878861544e+01,3.953563e+00,-1.999831e-01
1.683994176294581e+01,3.930470e+00,-1.999830e-01
1.691683473727617e+01,3.907328e+00,-1.999830e-01
1.699372771160653e+01,3.884138e+00,-1.999830e-01
1.707062068593689e+01,3.860899e+00,-1.999830e-01
1.714751366026725e+01,3.837612e+00,-1.999830e-01
1.722440663459761e+01,3.814276e+00,-1.999830e-01
1.725516382432976e+01,3.804928e+00,-1.999829e-01
1.728592101406190e+01,3.795571e+00,-1.999829e-01
1.731667820379404e+01,3.786207e+00,-1.999829e-01
1.734743539352619e+01,3.776834e+00,-1.999829e-01
1.737819258325833e+01,3.767453e+00,-1.999829e-01
1.740894977299047e+01,3.758065e+00,-1.999829e-01
1.743970696272262e+01,3.748668e+00,-1.999829e-01
1.752044458576950e+01,3.723963e+00,-1.999829e-01
1.760118220881638e+01,3.699202e+00,-1.999829e-01
1.768191983186326e+01,3.674384e+00,-1.999829e-01
1.776265745491014e+01,3.649509e+00,-1.999828e-01
1.782801648309094e+01,3.629330e+00,-1.999828e-01
1.789337551127175e+01,3.609113e+00,-1.999828e-01
1.795873453945256e+01,3.588858e+00,-1.999828e-01
1.802409356763336e+01,3.568564e+00,-1.999828e-01
1.808945259581417e+01,3.548232e+00,-1.999828e-01
1.815481162399498e+01,3.527861e+00,-1.999827e-01
1.822017065217578e+01,3.507452e+00,-1.999827e-01
1.839317984441910e+01,3.453248e+00,-1.999827e-01
1.856618903666241e+01,3.398752e+00,-1.999827e-01
1.873919822890572e+01,3.343965e+00,-1.999826e-01
1.891220742114903e+01,3.288885e+00,-1.999826e-01
1.908521661339235e+01,3.233515e+00,-1.999825e-01
1.925822580563566e+01,3.177852e+00,-1.999825e-01
1.943123499787897e+01,3.121898e+00,-1.999825e-01
1.958886559525621e+01,3.070648e+00,-1.999824e-01
1.974649619263345e+01,3.019127e+00,-1.999824e-01
1.990412679001069e+01,2.967333e+00,-1.999824e-01
2.006175738738793e+01,2.915268e+00,-1.999823e-01
2.021938798476517e+01,2.862931e+00,-1.999823e-01
2.037701858214241e+01,2.810322e+00,-1.999823e-01
2.053464917951965e+01,2.757441e+00,-1.999822e-01
2.068459047946385e+01,2.706873e+00,-1.999822e-01
2.083453177940806e+01,2.656028e+00,-1.999821e-01
2.098447307935226e+01,2.604908e+00,-1.999821e-01
2.113441437929647e+01,2.553510e+00,-1.999821e-01
2.128435567924067e+01,2.501837e+00,-1.999820e-01
2.143429697918488e+01,2.449887e+00,-1.999820e-01
2.158423827912908e+01,2.397661e+00,-1.999820e-01
2.162268476629426e+01,2.384220e+00,-1.999820e-01
2.166113125345944e+01,2.370760e+00,-1.999820e-01
2.169957774062462e+01,2.357279e+00,-1.999819e-01
2.173802422778980e+01,2.343779e+00,-1.999819e-01
2.177647071495498e+01,2.330260e+00,-1.999819e-01
2.181491720212016e+01,2.316721e+00,-1.999819e-01
2.185336368928534e+01,2.303162e+00,-1.999819e-01
2.188027623030097e+01,2.293659e+00,-1.999819e-01
2.213017839687464e+01,2.205018e+00,-1.999818e-01
2.238008056344831e+01,2.115436e+00,-1.999818e-01
2.262998273002199e+01,2.024911e+00,-1.999817e-01
2.287988489659566e+01,1.933444e+00,-1.999817e-01
2.312978706316933e+01,1.841035e+00,-1.999816e-01
2.337968922974301e+01,1.747683e+00,-1.999815e-01
2.362959139631668e+01,1.653390e+00,-1.999815e-01
2.377184339882785e+01,1.599220e+00,-1.999814e-01
2.391409540133902e+01,1.544682e+00,-1.999814e-01
2.405634740385018e+01,1.489777e+00,-1.999814e-01
2.419859940636135e+01,1.434504e+00,-1.999813e-01
2.434085140887252e+01,1.378863e+00,-1.999813e-01
2.448310341138369e+01,1.322855e+00,-1.999812e-01
2.462535541389486e+01,1.266478e+00,-1.999812e-01
2.474838417282343e+01,1.217400e+00,-1.999812e-01
2.487141293175201e+01,1.168006e+00,-1.999811e-01
2.499444169068059e+01,1.118294e+00,-1.999811e-01
2.511747044960916e+01,1.068266e+00,-1.999810e-01
2.524049920853774e+01,1.017921e+00,-1.999810e-01
2.536352796746632e+01,9.672589e-01,-1.999810e-01
2.548655672639490e+01,9.162803e-01,-1.999809e-01
2.577490538013375e+01,7.957122e-01,-1.999809e-01
2.606325403387261e+01,6.729009e-01,-1.999808e-01
2.635160268761146e+01,5.478466e-01,-1.999807e-01
2.663995134135032e+01,4.205491e-01,-1.999806e-01
2.692829999508917e+01,2.910085e-01,-1.999805e-01
2.721664864882802e+01,1.592247e-01,-1.999804e-01
2.750499730256687e+01,2.519786e-02,-1.999803e-01
2.753190984358250e+01,1.252401e-02,-1.999803e-01
2.755096231622565e+01,3.538966e-03,-1.999803e-01
2.755844200000000e+01,-4.649162e-06,-1.999803e-01
