0.000000000000000e+00,1.213686e-03
1.767376755591628e-09,1.213687e-03
3.534753511183256e-09,1.213689e-03
5.302130266774885e-09,1.213690e-03
7.069507022366513e-09,1.213692e-03
8.836883777958141e-09,1.213693e-03
1.060426053354977e-08,1.213695e-03
1.237163728914139e-08,1.213697e-03
1.490138379571857e-08,1.213699e-03
1.996087680887293e-08,1.213698e-03
2.948611721425947e-08,1.213625e-03
3.973816208323764e-08,1.213340e-03
4.900337398289037e-08,1.212734e-03
5.782578555156791e-08,1.211729e-03
6.681716050491095e-08,1.210373e-03
7.684420379161805e-08,1.209147e-03
8.852721747949241e-08,1.210460e-03
1.030214351778814e-07,1.223132e-03
1.203238914176269e-07,1.267352e-03
1.365055230281772e-07,1.367974e-03
1.582296798045615e-07,1.655810e-03
1.839289576415165e-07,2.313626e-03
2.130455548832330e-07,3.602600e-03
2.401907807563663e-07,5.531454e-03
2.736248889904790e-07,9.102229e-03
3.134551022284280e-07,1.520200e-02
3.654212235323263e-07,2.596904e-02
4.160044641928219e-07,3.931022e-02
4.697135706589237e-07,5.631447e-02
5.216469105798528e-07,7.504287e-02
5.777061298982908e-07,9.716532e-02
6.200120348940303e-07,1.148791e-01
6.525591653949642e-07,1.290618e-01
6.841170514855318e-07,1.432211e-01
7.408290343309985e-07,1.693243e-01
8.110905161726962e-07,2.024671e-01
9.179350126426457e-07,2.538264e-01
9.529595751227693e-07,2.708575e-01
9.781013113744531e-07,2.831715e-01
9.851887783126948e-07,2.866507e-01
9.867081498165819e-07,2.873969e-01
9.875948937180492e-07,2.878325e-01
9.881126658185358e-07,2.880868e-01
9.884152642878159e-07,2.882355e-01
9.886177740634049e-07,2.883352e-01
9.888165366591513e-07,2.884328e-01
9.890370197391909e-07,2.885410e-01
9.892921438922018e-07,2.886661e-01
9.895551504687569e-07,2.887955e-01
9.899353988344576e-07,2.889825e-01
9.904038854911322e-07,2.892126e-01
9.908144171193582e-07,2.894144e-01
9.911763742772341e-07,2.895923e-01
9.915861811829438e-07,2.897936e-01
9.918719430023140e-07,2.899338e-01
9.921485466977179e-07,2.900697e-01
9.924228265738064e-07,2.902046e-01
9.928582857540548e-07,2.904184e-01
9.933097241013528e-07,2.906405e-01
9.938062250568655e-07,2.908845e-01
9.942777864204617e-07,2.911161e-01
9.947479595811116e-07,2.913475e-01
9.950660944622928e-07,2.915044e-01
9.952770934282777e-07,2.916080e-01
9.955332526918565e-07,2.917333e-01
9.957897182928646e-07,2.918595e-01
9.962036826277722e-07,2.920634e-01
9.966537854837715e-07,2.922845e-01
9.971976479674438e-07,2.925518e-01
9.977313036593679e-07,2.928139e-01
9.981453490789741e-07,2.930173e-01
9.984476024793261e-07,2.931662e-01
9.986804320751558e-07,2.932808e-01
9.991431248496910e-07,2.935081e-01
9.995245888932002e-07,2.936957e-01
9.999464287541882e-07,2.939016e-01
1.000000000000000e-06,2.939258e-01
1.000042238894417e-06,2.939489e-01
1.000126716683251e-06,2.939925e-01
1.000295672260919e-06,2.940761e-01
1.000633583416254e-06,2.942417e-01
1.001056020453421e-06,2.944491e-01
1.001424810274308e-06,2.946308e-01
1.001721238804412e-06,2.947770e-01
1.001946683658880e-06,2.948875e-01
1.002191949195483e-06,2.950077e-01
1.002434611088020e-06,2.951272e-01
1.002825832771088e-06,2.953197e-01
1.003253893835167e-06,2.955303e-01
1.003862613043386e-06,2.958297e-01
1.004518810291285e-06,2.961524e-01
1.004908194799437e-06,2.963439e-01
1.005202395815481e-06,2.964889e-01
1.005458604649634e-06,2.966152e-01
1.005663165328157e-06,2.967159e-01
1.005900172552097e-06,2.968327e-01
1.006213188470206e-06,2.969867e-01
1.006634080909256e-06,2.971932e-01
1.007164090733521e-06,2.974539e-01
1.007707323325902e-06,2.977214e-01
1.008036239089303e-06,2.978830e-01
1.008309056586196e-06,2.980169e-01
1.008552346778410e-06,2.981371e-01
1.008767949590821e-06,2.982435e-01
1.008980462617264e-06,2.983477e-01
1.009317141245286e-06,2.985134e-01
1.009707949991998e-06,2.987059e-01
1.010230575308405e-06,2.989632e-01
1.010853153442248e-06,2.992699e-01
1.011246414850909e-06,2.994635e-01
1.011614813591460e-06,2.996442e-01
1.011958325853079e-06,2.998133e-01
1.012265042732212e-06,2.999645e-01
1.012748952268622e-06,3.002026e-01
1.012988164947584e-06,3.003204e-01
1.013385801474352e-06,3.005165e-01
1.013845820773320e-06,3.007429e-01
1.014377910148268e-06,3.010048e-01
1.014679175942707e-06,3.011535e-01
1.014928859634383e-06,3.012766e-01
1.015139304948521e-06,3.013799e-01
1.015382490243481e-06,3.014991e-01
1.015622494146023e-06,3.016173e-01
1.016004110908669e-06,3.018054e-01
1.016411091812522e-06,3.020059e-01
1.016962503181532e-06,3.022776e-01
1.017586357053841e-06,3.025845e-01
1.018041804882523e-06,3.028089e-01
1.018436726246506e-06,3.030035e-01
1.018816267456531e-06,3.031906e-01
1.019182006778882e-06,3.033708e-01
1.019511123309322e-06,3.035326e-01
1.019784147364050e-06,3.036668e-01
1.019983208884227e-06,3.037648e-01
1.020213830068305e-06,3.038785e-01
1.020553193522384e-06,3.040464e-01
1.020855115914874e-06,3.041950e-01
1.021067334346157e-06,3.042990e-01
1.021262352885350e-06,3.043952e-01
1.021533270358253e-06,3.045288e-01
1.021793012466435e-06,3.046565e-01
1.022183326358065e-06,3.048488e-01
1.023094885263735e-06,3.052981e-01
1.023631998850186e-06,3.055625e-01
1.024347757951692e-06,3.059151e-01
1.025008142292522e-06,3.062407e-01
1.025477409111792e-06,3.064722e-01
1.025920399313443e-06,3.066905e-01
1.026393051644420e-06,3.069234e-01
1.026923980272956e-06,3.071851e-01
1.027434933056639e-06,3.074368e-01
1.028091732682733e-06,3.077605e-01
1.028569180497321e-06,3.079957e-01
1.029090737295316e-06,3.082528e-01
1.029708020904852e-06,3.085572e-01
1.030335187976376e-06,3.088661e-01
1.031100921512174e-06,3.092436e-01
1.032131002048941e-06,3.097515e-01
1.032788408509702e-06,3.100756e-01
1.033381109215055e-06,3.103678e-01
1.034117107256501e-06,3.107308e-01
1.034852380299937e-06,3.110933e-01
1.035584348663124e-06,3.114543e-01
1.037073835202377e-06,3.121887e-01
1.037922516425243e-06,3.126073e-01
1.039040350325354e-06,3.131586e-01
1.039751561574641e-06,3.135095e-01
1.040515582596172e-06,3.138864e-01
1.041509793808317e-06,3.143771e-01
1.042610051292828e-06,3.149198e-01
1.044492711395933e-06,3.158487e-01
1.045648829540890e-06,3.164192e-01
1.048673651451771e-06,3.179125e-01
1.050090689866467e-06,3.186121e-01
1.053384853103598e-06,3.202387e-01
1.056482585855646e-06,3.217688e-01
1.058412662202758e-06,3.227222e-01
1.060335734148332e-06,3.236725e-01
1.068054087716002e-06,3.274878e-01
1.078598081084489e-06,3.327150e-01
1.089142074452977e-06,3.379306e-01
1.099686067821465e-06,3.431345e-01
1.110230061189953e-06,3.483268e-01
1.120774054558441e-06,3.535073e-01
1.131318047926928e-06,3.586763e-01
1.141862041295416e-06,3.638335e-01
1.162539771714903e-06,3.737671e-01
1.193072923509679e-06,3.879509e-01
1.227282692450617e-06,4.029223e-01
1.269158101999041e-06,4.194725e-01
1.321475083961297e-06,4.371775e-01
1.379860560843163e-06,4.531672e-01
1.435244370543752e-06,4.647897e-01
1.492010210482923e-06,4.735819e-01
1.548649095367831e-06,4.799763e-01
1.607947645129473e-06,4.848467e-01
1.667207339210516e-06,4.883972e-01
1.729188310585699e-06,4.910572e-01
1.802864783018151e-06,4.932759e-01
1.870989211906609e-06,4.946823e-01
1.941278155422147e-06,4.956517e-01
2.014615745346279e-06,4.963324e-01
2.082499198939612e-06,4.967549e-01
2.154083943973199e-06,4.970558e-01
2.214967029001161e-06,4.972332e-01
2.271634188829945e-06,4.973522e-01
2.301790694356675e-06,4.974012e-01
2.329584445337658e-06,4.974380e-01
2.360762443464957e-06,4.974725e-01
2.391731468741377e-06,4.975013e-01
2.440677465256091e-06,4.975365e-01
2.525048821027953e-06,4.975774e-01
2.693791532571677e-06,4.976240e-01
2.849787743267113e-06,4.976453e-01
2.978624012820634e-06,4.976523e-01
3.139426732822883e-06,4.976559e-01
3.257177724698881e-06,4.976573e-01
3.387494036182730e-06,4.976579e-01
3.462454985631911e-06,4.976581e-01
3.527976390396461e-06,4.976583e-01
3.555381477790803e-06,4.976584e-01
3.559323284369338e-06,4.976584e-01
3.563265090947873e-06,4.976584e-01
3.567206897526408e-06,4.976584e-01
3.571148704104942e-06,4.976584e-01
3.575090510683477e-06,4.976583e-01
3.579032317262011e-06,4.976582e-01
3.582974123840546e-06,4.976581e-01
3.584241955914611e-06,4.976584e-01
3.586556812823582e-06,4.976583e-01
3.587934875428111e-06,4.976583e-01
3.614824369741226e-06,4.976584e-01
3.641713864054342e-06,4.976585e-01
3.668603358367457e-06,4.976586e-01
3.695492852680573e-06,4.976586e-01
3.722382346993688e-06,4.976587e-01
3.749271841306804e-06,4.976586e-01
3.776161335619919e-06,4.976586e-01
3.855238248135664e-06,4.976585e-01
3.952341521961695e-06,4.976585e-01
4.074210517437395e-06,4.976587e-01
4.172530228605776e-06,4.976587e-01
4.294578687817932e-06,4.976590e-01
4.376866707119100e-06,4.976590e-01
4.470896037055949e-06,4.976590e-01
4.569056251059761e-06,4.976590e-01
4.669329160976309e-06,4.976590e-01
4.840067418001900e-06,4.976590e-01
5.011153306629348e-06,4.976592e-01
5.228728723949898e-06,4.976592e-01
5.389977150879559e-06,4.976594e-01
5.606402354881823e-06,4.976594e-01
5.811552990312123e-06,4.976597e-01
6.002102695897140e-06,4.976597e-01
6.368596517819010e-06,4.976599e-01
6.615175033972685e-06,4.976602e-01
6.906865840547983e-06,4.976604e-01
7.221418663208563e-06,4.976604e-01
7.510578036070342e-06,4.976606e-01
8.481298100710400e-06,4.976611e-01
8.965853171084539e-06,4.976614e-01
9.934963311832819e-06,4.976621e-01
2.316867741618086e-01,6.245802e-01
4.633636133603054e-01,7.504524e-01
6.950404525588022e-01,8.752787e-01
9.267172917572990e-01,9.990590e-01
1.158394130955796e+00,1.121793e+00
1.390070970154293e+00,1.243482e+00
1.621747809352789e+00,1.364125e+00
2.106107134129575e+00,1.612981e+00
2.590466458906361e+00,1.858214e+00
3.074825783683147e+00,2.099825e+00
3.559185108459934e+00,2.337812e+00
4.043544433236720e+00,2.572176e+00
4.527903758013506e+00,2.802918e+00
5.012263082790291e+00,3.030036e+00
5.153845039263507e+00,3.095930e+00
5.295426995736723e+00,3.161566e+00
5.437008952209939e+00,3.226945e+00
5.578590908683155e+00,3.292067e+00
5.720172865156371e+00,3.356932e+00
5.861754821629587e+00,3.421540e+00
6.003336778102803e+00,3.485890e+00
6.048046869620660e+00,3.506162e+00
6.092756961138518e+00,3.526409e+00
6.137467052656375e+00,3.546632e+00
6.182177144174234e+00,3.566831e+00
6.226887235692091e+00,3.587005e+00
6.271597327209949e+00,3.607155e+00
6.316307418727806e+00,3.627280e+00
6.394550078884057e+00,3.662443e+00
6.446711852321558e+00,3.685843e+00
6.498873625759058e+00,3.709211e+00
6.551035399196559e+00,3.732547e+00
6.603197172634060e+00,3.755851e+00
6.655358946071560e+00,3.779123e+00
6.677713991830490e+00,3.789086e+00
6.700069037589418e+00,3.799044e+00
6.722424083348347e+00,3.808996e+00
6.744779129107275e+00,3.818942e+00
6.767134174866205e+00,3.828883e+00
6.789489220625133e+00,3.838817e+00
6.811844266384062e+00,3.848746e+00
6.864006039821563e+00,3.871890e+00
6.916167813259063e+00,3.895004e+00
6.968329586696564e+00,3.918085e+00
7.020491360134065e+00,3.941136e+00
7.098734020290316e+00,3.975653e+00
7.176976680446566e+00,4.010102e+00
7.240315976763531e+00,4.037937e+00
7.303655273080497e+00,4.065727e+00
7.366994569397462e+00,4.093474e+00
7.430333865714426e+00,4.121175e+00
7.493673162031392e+00,4.148832e+00
7.557012458348357e+00,4.176444e+00
7.620351754665322e+00,4.204012e+00
8.041371783125149e+00,4.386026e+00
8.462391811584975e+00,4.566290e+00
8.883411840044801e+00,4.744802e+00
9.304431868504627e+00,4.921564e+00
9.725451896964454e+00,5.096574e+00
1.014647192542428e+01,5.269834e+00
1.056749195388411e+01,5.441342e+00
1.072397727419661e+01,5.504723e+00
1.088046259450911e+01,5.567892e+00
1.103694791482161e+01,5.630849e+00
1.119343323513411e+01,5.693595e+00
1.134991855544662e+01,5.756129e+00
1.150640387575912e+01,5.818452e+00
1.166288919607162e+01,5.880564e+00
1.170014760566983e+01,5.895323e+00
1.173740601526805e+01,5.910071e+00
1.177466442486626e+01,5.924807e+00
1.181192283446448e+01,5.939532e+00
1.184918124406269e+01,5.954246e+00
1.188643965366091e+01,5.968947e+00
1.192369806325912e+01,5.983638e+00
1.194977894997787e+01,5.993914e+00
1.199461510333322e+01,6.011568e+00
1.201507900696689e+01,6.019620e+00
1.206312954773751e+01,6.038513e+00
1.211118008850814e+01,6.057387e+00
1.215923062927876e+01,6.076243e+00
1.220728117004938e+01,6.095079e+00
1.225533171082001e+01,6.113897e+00
1.230338225159063e+01,6.132697e+00
1.235143279236125e+01,6.151477e+00
1.242967545251751e+01,6.182019e+00
1.250791811267376e+01,6.212514e+00
1.256007988611126e+01,6.232816e+00
1.261224165954876e+01,6.253096e+00
1.266440343298626e+01,6.273356e+00
1.271656520642376e+01,6.293593e+00
1.276872697986126e+01,6.313810e+00
1.282088875329876e+01,6.334005e+00
1.287305052673626e+01,6.354179e+00
1.289913141345501e+01,6.364259e+00
1.292521230017376e+01,6.374331e+00
1.295129318689251e+01,6.384400e+00
1.297737407361126e+01,6.394464e+00
1.300345496033001e+01,6.404521e+00
1.302953584704876e+01,6.414575e+00
1.305561673376751e+01,6.424623e+00
1.308169762048626e+01,6.434665e+00
1.310777850720501e+01,6.444702e+00
1.313385939392376e+01,6.454734e+00
1.315994028064251e+01,6.464761e+00
1.318602116736126e+01,6.474783e+00
1.321210205408001e+01,6.484799e+00
1.323818294079877e+01,6.494810e+00
1.326426382751752e+01,6.504816e+00
1.329034471423627e+01,6.514817e+00
1.331642560095502e+01,6.524813e+00
1.334250648767377e+01,6.534804e+00
1.336858737439252e+01,6.544790e+00
1.339466826111127e+01,6.554770e+00
1.342074914783002e+01,6.564745e+00
1.344683003454877e+01,6.574715e+00
1.347291092126752e+01,6.584681e+00
1.349899180798627e+01,6.594642e+00
1.352507269470502e+01,6.604596e+00
1.355115358142377e+01,6.614546e+00
1.357723446814252e+01,6.624490e+00
1.360331535486127e+01,6.634430e+00
1.362939624158002e+01,6.644365e+00
1.365547712829877e+01,6.654294e+00
1.368155801501752e+01,6.664219e+00
1.370763890173627e+01,6.674139e+00
1.373371978845502e+01,6.684054e+00
1.375980067517377e+01,6.693964e+00
1.378588156189252e+01,6.703868e+00
1.381196244861127e+01,6.713767e+00
1.383804333533002e+01,6.723661e+00
1.386412422204877e+01,6.733551e+00
1.389020510876752e+01,6.743436e+00
1.391628599548627e+01,6.753315e+00
1.394236688220502e+01,6.763191e+00
1.396844776892377e+01,6.773060e+00
1.399452865564252e+01,6.782925e+00
1.402060954236127e+01,6.792784e+00
1.404669042908002e+01,6.802640e+00
1.407277131579878e+01,6.812489e+00
1.409885220251753e+01,6.822335e+00
1.412493308923628e+01,6.832175e+00
1.415101397595503e+01,6.842010e+00
1.417709486267378e+01,6.851840e+00
1.420317574939253e+01,6.861666e+00
1.422925663611128e+01,6.871486e+00
1.425533752283003e+01,6.881302e+00
1.427000000000000e+01,6.886819e+00
1.427000010000000e+01,6.881084e+00
1.427000030000000e+01,6.853621e+00
1.427000037005024e+01,6.830469e+00
1.427000043191100e+01,6.797206e+00
1.427000048085597e+01,6.765858e+00
1.427000053441143e+01,6.727396e+00
1.427000059283470e+01,6.680905e+00
1.427000066237992e+01,6.621022e+00
1.427000076710726e+01,6.526397e+00
1.427000087329246e+01,6.427394e+00
1.427000100000000e+01,6.306919e+00
1.427000100977168e+01,6.297466e+00
1.427000102931506e+01,6.278867e+00
1.427000105711492e+01,6.252215e+00
1.427000108684218e+01,6.223518e+00
1.427000111706433e+01,6.194464e+00
1.427000115950350e+01,6.154283e+00
1.427000119855924e+01,6.118630e+00
1.427000123972240e+01,6.083530e+00
1.427000128637308e+01,6.047862e+00
1.427000133955260e+01,6.013170e+00
1.427000139695275e+01,5.982772e+00
1.427000145258569e+01,5.959894e+00
1.427000150971966e+01,5.942206e+00
1.427000156697041e+01,5.929094e+00
1.427000162630880e+01,5.919188e+00
1.427000168568681e+01,5.912032e+00
1.427000174633713e+01,5.906801e+00
1.427000180692148e+01,5.903087e+00
1.427000187032180e+01,5.900340e+00
1.427000193264968e+01,5.898441e+00
1.427000199623902e+01,5.897078e+00
1.427000205471576e+01,5.896144e+00
1.427000206669212e+01,5.895990e+00
1.427000206867955e+01,5.895965e+00
1.427000206918381e+01,5.895960e+00
1.427000206963735e+01,5.895954e+00
1.427000206998933e+01,5.895950e+00
1.427000207044235e+01,5.895947e+00
1.427000207084953e+01,5.895943e+00
1.427000207112165e+01,5.895935e+00
1.427000207133942e+01,5.895931e+00
1.427000207155140e+01,5.895932e+00
1.427000207189309e+01,5.895930e+00
1.427000207229353e+01,5.895923e+00
1.427000207283766e+01,5.895918e+00
1.427000207339280e+01,5.895914e+00
1.427000207393034e+01,5.895911e+00
1.427000207429314e+01,5.895907e+00
1.427000207457612e+01,5.895902e+00
1.427000207480149e+01,5.895899e+00
1.427000207505309e+01,5.895898e+00
1.427000207530388e+01,5.895896e+00
1.427000207570839e+01,5.895891e+00
1.427000207616068e+01,5.895885e+00
1.427000207685666e+01,5.895875e+00
1.427000207731552e+01,5.895869e+00
1.427000207760550e+01,5.895866e+00
1.427000207782984e+01,5.895867e+00
1.427000207805383e+01,5.895866e+00
1.427000207826003e+01,5.895863e+00
1.427000207862436e+01,5.895857e+00
1.427000207901383e+01,5.895852e+00
1.427000207956800e+01,5.895846e+00
1.427000208020554e+01,5.895841e+00
1.427000208066208e+01,5.895839e+00
1.427000208100567e+01,5.895836e+00
1.427000208132232e+01,5.895831e+00
1.427000208160683e+01,5.895825e+00
1.427000208181313e+01,5.895821e+00
1.427000208209095e+01,5.895820e+00
1.427000208236825e+01,5.895821e+00
1.427000208281950e+01,5.895814e+00
1.427000208333376e+01,5.895808e+00
1.427000208367693e+01,5.895805e+00
1.427000208398332e+01,5.895800e+00
1.427000208424532e+01,5.895799e+00
1.427000208444641e+01,5.895799e+00
1.427000208470309e+01,5.895791e+00
1.427000208496070e+01,5.895786e+00
1.427000208536038e+01,5.895786e+00
1.427000208578343e+01,5.895782e+00
1.427000208635867e+01,5.895776e+00
1.427000208703363e+01,5.895769e+00
1.427000208742152e+01,5.895764e+00
1.427000208781288e+01,5.895760e+00
1.427000208819207e+01,5.895760e+00
1.427000208853981e+01,5.895757e+00
1.427000208883849e+01,5.895752e+00
1.427000208906527e+01,5.895751e+00
1.427000208934811e+01,5.895747e+00
1.427000208962045e+01,5.895740e+00
1.427000209013039e+01,5.895738e+00
1.427000209034827e+01,5.895737e+00
1.427000209056345e+01,5.895734e+00
1.427000209079301e+01,5.895730e+00
1.427000209101055e+01,5.895730e+00
1.427000209136147e+01,5.895728e+00
1.427000209172937e+01,5.895723e+00
1.427000209221582e+01,5.895718e+00
1.427000209272203e+01,5.895713e+00
1.427000209338147e+01,5.895707e+00
1.427000209424030e+01,5.895699e+00
1.427000209474661e+01,5.895693e+00
1.427000209516674e+01,5.895687e+00
1.427000209560723e+01,5.895684e+00
1.427000209611965e+01,5.895680e+00
1.427000209659490e+01,5.895675e+00
1.427000209716958e+01,5.895669e+00
1.427000209760314e+01,5.895664e+00
1.427000209808011e+01,5.895660e+00
1.427000209866316e+01,5.895656e+00
1.427000209923016e+01,5.895651e+00
1.427000209991263e+01,5.895643e+00
1.427000210069238e+01,5.895636e+00
1.427000210129207e+01,5.895629e+00
1.427000210182178e+01,5.895624e+00
1.427000210239690e+01,5.895619e+00
1.427000210309387e+01,5.895611e+00
1.427000210376774e+01,5.895605e+00
1.427000210473549e+01,5.895597e+00
1.427000210544781e+01,5.895590e+00
1.427000210617983e+01,5.895584e+00
1.427000210699136e+01,5.895576e+00
1.427000210796852e+01,5.895568e+00
1.427000210868126e+01,5.895562e+00
1.427000210937988e+01,5.895555e+00
1.427000211025721e+01,5.895546e+00
1.427000211117162e+01,5.895538e+00
1.427000211221503e+01,5.895529e+00
1.427000211313304e+01,5.895521e+00
1.427000211426944e+01,5.895511e+00
1.427000211538444e+01,5.895501e+00
1.427000211635111e+01,5.895492e+00
1.427000211739792e+01,5.895483e+00
1.427000211861729e+01,5.895473e+00
1.427000212008217e+01,5.895461e+00
1.427000212143213e+01,5.895449e+00
1.427000212291689e+01,5.895437e+00
1.427000212443042e+01,5.895424e+00
1.427000212607807e+01,5.895411e+00
1.427000212779018e+01,5.895397e+00
1.427000212937846e+01,5.895384e+00
1.427000213141547e+01,5.895368e+00
1.427000213334002e+01,5.895352e+00
1.427000213574822e+01,5.895334e+00
1.427000213834505e+01,5.895314e+00
1.427000214110760e+01,5.895293e+00
1.427000214400004e+01,5.895271e+00
1.427000214723111e+01,5.895248e+00
1.427000215099655e+01,5.895220e+00
1.427000216113927e+01,5.895150e+00
1.427000217128198e+01,5.895084e+00
1.427000218142470e+01,5.895021e+00
1.427000219156741e+01,5.894961e+00
1.427000220171013e+01,5.894905e+00
1.427000221185284e+01,5.894852e+00
1.427000222199556e+01,5.894802e+00
1.427000224125942e+01,5.894714e+00
1.427000226161935e+01,5.894631e+00
1.427000228274671e+01,5.894554e+00
1.427000230458150e+01,5.894483e+00
1.427000232685966e+01,5.894419e+00
1.427000234888506e+01,5.894364e+00
1.427000237141096e+01,5.894313e+00
1.427000239322019e+01,5.894269e+00
1.427000241568946e+01,5.894230e+00
1.427000243785501e+01,5.894196e+00
1.427000246246114e+01,5.894163e+00
1.427000249951314e+01,5.894120e+00
1.427000253411565e+01,5.894088e+00
1.427000257818987e+01,5.894055e+00
1.427000262585350e+01,5.894027e+00
1.427000268253517e+01,5.894002e+00
1.427000274900618e+01,5.893981e+00
1.427000282477572e+01,5.893964e+00
1.427000292156581e+01,5.893951e+00
1.427000301460787e+01,5.893943e+00
1.427000310750616e+01,5.893939e+00
1.427000321483884e+01,5.893936e+00
1.427000329689484e+01,5.893934e+00
1.427000339622099e+01,5.893933e+00
1.427000346190933e+01,5.893933e+00
1.427000352206923e+01,5.893933e+00
1.427000355730353e+01,5.893933e+00
1.427000357992988e+01,5.893932e+00
1.427000359880943e+01,5.893933e+00
1.427000360814597e+01,5.893933e+00
1.427000361153570e+01,5.893933e+00
1.427000361613991e+01,5.893933e+00
1.427000361796843e+01,5.893933e+00
1.427000362002824e+01,5.893933e+00
1.427000362188184e+01,5.893933e+00
1.427000362582627e+01,5.893933e+00
1.427000362799194e+01,5.893932e+00
1.427000363002183e+01,5.893933e+00
1.427000363238735e+01,5.893933e+00
1.427000363498113e+01,5.893933e+00
1.427000363757492e+01,5.893933e+00
1.427000364016870e+01,5.893933e+00
1.427000364276249e+01,5.893933e+00
1.427000364535627e+01,5.893933e+00
1.427000364795006e+01,5.893933e+00
1.427000365054384e+01,5.893932e+00
1.427000365425540e+01,5.893932e+00
1.427000368323554e+01,5.893932e+00
1.427000371221568e+01,5.893932e+00
1.427000374119581e+01,5.893932e+00
1.427000377017595e+01,5.893932e+00
1.427000379915609e+01,5.893932e+00
1.427000382813623e+01,5.893932e+00
1.427000385711637e+01,5.893932e+00
1.427000396357667e+01,5.893932e+00
1.427000406906268e+01,5.893932e+00
1.427000418476575e+01,5.893932e+00
1.427000429948137e+01,5.893932e+00
1.427000440708774e+01,5.893932e+00
1.427000450101327e+01,5.893932e+00
1.427000457667220e+01,5.893932e+00
1.427000466696858e+01,5.893932e+00
1.427000476294240e+01,5.893932e+00
1.427000490552587e+01,5.893932e+00
1.427000513186984e+01,5.893932e+00
1.427000527523016e+01,5.893931e+00
1.427000542836113e+01,5.893931e+00
1.427000577412702e+01,5.893931e+00
1.427000596094397e+01,5.893931e+00
1.427000615041519e+01,5.893931e+00
1.427000643572121e+01,5.893931e+00
1.427000659652663e+01,5.893931e+00
1.427000681035251e+01,5.893931e+00
1.427000706600507e+01,5.893931e+00
1.427000730421891e+01,5.893931e+00
1.427000778064661e+01,5.893930e+00
1.427000849770336e+01,5.893930e+00
1.427000893978296e+01,5.893930e+00
1.427000956876150e+01,5.893930e+00
1.427001014486189e+01,5.893929e+00
1.427001204071722e+01,5.893929e+00
1.482053402327199e+01,5.654298e+00
1.537105600582676e+01,5.413039e+00
1.592157798838153e+01,5.170150e+00
1.647209997093629e+01,4.925631e+00
1.702262195349106e+01,4.679483e+00
1.757314393604583e+01,4.431705e+00
1.812366591860060e+01,4.182297e+00
1.817955353299792e+01,4.156861e+00
1.823544114739524e+01,4.131406e+00
1.829132876179256e+01,4.105931e+00
1.834721637618987e+01,4.080437e+00
1.840310399058719e+01,4.054924e+00
1.845899160498451e+01,4.029391e+00
1.851487921938183e+01,4.003839e+00
1.859312187953807e+01,3.968034e+00
1.864528365297557e+01,3.944142e+00
1.869744542641307e+01,3.920233e+00
1.874960719985057e+01,3.896307e+00
1.880176897328806e+01,3.872363e+00
1.885393074672556e+01,3.848402e+00
1.890609252016306e+01,3.824424e+00
1.892844756592199e+01,3.814142e+00
1.895080261168091e+01,3.803857e+00
1.897315765743984e+01,3.793569e+00
1.899551270319877e+01,3.783278e+00
1.901786774895769e+01,3.772983e+00
1.904022279471662e+01,3.762685e+00
1.906257784047555e+01,3.752384e+00
1.911473961391304e+01,3.728335e+00
1.916690138735054e+01,3.704269e+00
1.921906316078804e+01,3.680185e+00
1.927122493422554e+01,3.656083e+00
1.934946759438178e+01,3.619897e+00
1.942771025453803e+01,3.583670e+00
1.948732370989517e+01,3.556042e+00
1.954693716525231e+01,3.528389e+00
1.960655062060945e+01,3.500713e+00
1.966616407596658e+01,3.473012e+00
1.972577753132373e+01,3.445288e+00
1.978539098668086e+01,3.417539e+00
1.984500444203800e+01,3.389767e+00
1.997168303467193e+01,3.330671e+00
2.009836162730585e+01,3.271463e+00
2.022504021993977e+01,3.212141e+00
2.035171881257369e+01,3.152705e+00
2.047839740520761e+01,3.093157e+00
2.060507599784153e+01,3.033495e+00
2.073175459047545e+01,2.973720e+00
2.080999725063170e+01,2.936740e+00
2.104099939014062e+01,2.827315e+00
2.127200152964953e+01,2.717477e+00
2.150300366915845e+01,2.607224e+00
2.173400580866736e+01,2.496558e+00
2.196500794817628e+01,2.385476e+00
2.219601008768519e+01,2.273981e+00
2.242701222719411e+01,2.162071e+00
2.255369081982803e+01,2.100509e+00
2.268036941246195e+01,2.038811e+00
2.280704800509587e+01,1.976976e+00
2.293372659772979e+01,1.915004e+00
2.306040519036372e+01,1.852896e+00
2.318708378299764e+01,1.790651e+00
2.331376237563156e+01,1.728270e+00
2.352240946938155e+01,1.625226e+00
2.373105656313153e+01,1.521778e+00
2.393970365688152e+01,1.417925e+00
2.414835075063151e+01,1.313666e+00
2.435699784438150e+01,1.209002e+00
2.456564493813149e+01,1.103933e+00
2.477429203188148e+01,9.984586e-01
2.504255258098861e+01,8.622381e-01
2.531081313009573e+01,7.252515e-01
2.557907367920286e+01,5.874989e-01
2.584733422830999e+01,4.489803e-01
2.611559477741712e+01,3.096956e-01
2.638385532652424e+01,1.696450e-01
2.665211587563137e+01,2.882826e-02
2.667819676235012e+01,1.509011e-02
2.669854051423971e+01,4.368663e-03
2.671684241435494e+01,-5.280256e-03
